
Charles Thomas Wallace Truscott Watters. n - 1. There are 54 primes between one-hundred-million and one-hundred-million-one-thousand
100000007, 2
100000037, 3
100000039, 4
100000049, 5
100000073, 6
100000081, 7
100000123, 8
100000127, 9
100000193, 10
100000213, 11
100000217, 12
100000223, 13
100000231, 14
100000237, 15
100000259, 16
100000267, 17
100000279, 18
100000357, 19
100000379, 20
100000393, 21
100000399, 22
100000421, 23
100000429, 24
100000463, 25
100000469, 26
100000471, 27
100000493, 28
100000541, 29
100000543, 30
100000561, 31
100000567, 32
100000577, 33
100000609, 34
100000627, 35
100000643, 36
100000651, 37
100000661, 38
100000669, 39
100000673, 40
100000687, 41
100000717, 42
100000721, 43
100000793, 44
100000799, 45
100000801, 46
100000837, 47
100000841, 48
100000853, 49
100000891, 50
100000921, 51
100000937, 52
100000939, 53
100000963, 54
100000969, 55
